100 100
100 89 95 99 89 79 47 79 97 93 96 80 75 39 66 91 81 98 76 65 64 97 51 89 98 76 64 45 75 82 40 97 69 100 90 38 87 78 96 69 100 100 95 99 90 45 92 99 49 85 73 88 76 94 61 93 61 82 75 39 76 88 73 89 96 59 90 92 93 83 66 84 100 98 94 59 40 63 94 66 95 100 83 81 33 95 100 95 83 95 82 96 82 78 77 100 99 24 85 79
99 36 100 50 96 52 90 70 90 68 100 93 98 92 55 55 96 98 70 88 98 83 81 92 95 97 85 72 100 95 95 100 95 97 87 74 61 33 77 86 94 84 88 89 95 97 58 60 56 99 41 65 99 94 87 100 62 25 82 68 54 98 100 94 98 91 82 97 95 59 93 95 95 51 78 52 73 76 95 83 93 79 97 14 96 39 99 55 87 90 94 72 98 77 91 37 80 80 100 21


5 4
4 0 0 0 0
1 1 1 0

3 3
3 3 3
3 3 3


3 2
1 0 2
1 1

3 3
3 3 3
3 3 3

3 3
1 0 2
1 1 1